dragMultiplier = 8
dragCubeMultiplier = 0.1
angularDragMultiplier = 2
liftMultiplier = 0.055
liftDragMultiplier = 0.025
bodyLiftMultiplier = 10.7
aeroFXStartThermalFX = 2
aeroFXFullThermalFX = 3.5
aeroFXExponent = 3
thermalMaxIntegrationWarp = 100
spaceTemperature = 4
solarLuminosityAtHome = 1360
solarInsolationAtHome = 0.15
convectionDensityExponent = 1
convectionVelocityExponent = 3
newtonianConvectionFactorBase = 2
newtonianConvectionFactorTotal = 3
newtonianVelocityExponent = 0
convectionFactorSplashed = 300
fullConvectionAreaMin = 0.2
fullToCrossSectionLerpStart = 0.8
fullToCrossSectionLerpEnd = 1.5
machConvectionStart = 2
machConvectionEnd = 4
machConvectionExponent = 3
partEmissivityExponent = 4
radiationFactor = 1
convectionFactor = 40
conductionFactor = 10
internalHeatProductionFactor = 0.03
aerodynamicHeatProductionFactor = 1
standardSpecificHeatCapacity = 800
DRAG_TIP
{
	key = 0 1 0 0
	key = 25 1 0 0
}
DRAG_SURFACE
{
	key = 0 0.02 0 0
	key = 0.85 0.02 0 0
	key = 0.9 0.0152439 -0.07942077 -0.07942077
	key = 1.1 0.0025 -0.005279571 -0.001936768
	key = 2 0.002083333 -2.314833E-05 -2.314833E-05
	key = 5 0.003333333 -0.000180556 -0.000180556
	key = 25 0.001428571 -7.14286E-05 0
}
DRAG_TAIL
{
	key = 0 1 0 0
	key = 0.85 1 0 0
	key = 1.1 0.25 -0.02215106 -0.02487721
	key = 1.4 0.2287166 -0.01326022 -0.001389867
	key = 2 0.275 0.03981932 0.03981932
	key = 5 0.3333333 -0.003474526 -0.02333333
	key = 25 0.1428571 -0.004285714 0
}
DRAG_MULTIPLIER
{
	key = 0 0.5 0 0
	key = 0.85 0.5 0 0
	key = 1.1 2 0 -0.6
	key = 2 1.2 -0.5444444 -0.5444444
	key = 5 0.6 0 0
	key = 10 0.8 0.06700063 0.06700063
	key = 14 0.93 0.006815632 0.006815632
	key = 25 1 0 0
}
LIFTING_SURFACE_CURVES
{
	LIFTING_SURFACE
	{
		name = Default
		lift
		{
			key = 0 0 0 1.965926
			key = 0.258819 0.5114774 1.990092 1.905806
			key = 0.5 0.9026583 0.7074468 -0.7074468
			key = 0.7071068 0.5926583 -2.087948 -1.990095
			key = 1 0 -2.014386 -2.014386
		}
		liftMach
		{
			key = 0 1 0 0
			key = 0.3 0.5 -1.671345 -0.8273422
			key = 1 0.125 -0.0005291355 -0.02625772
			key = 5 0.0625 0 0
			key = 25 0.05 0 0
		}
		drag
		{
			key = 0 0.01 0 0
			key = 0.3420201 0.1 0.1750731 0.1750731
			key = 0.5 0.4 4.557837 4.557837
			key = 0.7071068 2.828427 4 4
			key = 1 4 4 0
		}
		dragMach
		{
			key = 0 0.25 0 -0.8463008
			key = 0.15 0.125 0 0
			key = 0.9 0.375 0.7227947 0.7227947
			key = 1.1 1 0 0
			key = 1.4 0.65 -1.29191 -1.29191
			key = 1.6 0.5 -0.4376471 -0.4376471
			key = 2 0.42 -0.1475873 -0.1475873
			key = 5 0.275 0 0
			key = 25 0.4 0.0006807274 0
		}
	}
	LIFTING_SURFACE
	{
		name = BodyLift
		lift
		{
			key = 0 0 0 1.975376
			key = 0.309017 0.5877852 1.565065 1.565065
			key = 0.5877852 0.9510565 0.735902 0.735902
			key = 0.7071068 1 0 0
			key = 0.8910065 0.809017 -2.70827 -2.70827
			key = 1 0 -11.06124 0
		}
		liftMach
		{
			key = 0.3 0.167 0 0
			key = 0.8 0.167 0 -0.3904104
			key = 1 0.125 -0.0005291355 -0.02625772
			key = 5 0.0625 0 0
			key = 25 0.05 0 0
		}
		drag
		{
			key = 0 0 0 0
		}
		dragMach
		{
			key = 0 0 0 0
		}
	}
	LIFTING_SURFACE
	{
		name = SpeedBrake
		lift
		{
			key = 0 0 0 0
		}
		liftMach
		{
			key = 0 0 0 0
		}
		drag
		{
			key = 0 0.01 0 0
			key = 0.3420201 0.1 0.1750731 0.1750731
			key = 0.5 0.4 4.557837 4.557837
			key = 0.7071068 2.828427 4 4
			key = 1 4 4 0
		}
		dragMach
		{
			key = 0 0.25 0 -0.8463008
			key = 0.15 0.125 0 0
			key = 0.9 0.375 0.7227947 0.7227947
			key = 1.1 1 0 0
			key = 1.4 0.65 -1.29191 -1.29191
			key = 1.6 0.5 -0.4376471 -0.4376471
			key = 2 0.42 -0.1475873 -0.1475873
			key = 5 0.275 0 0
			key = 25 0.4 0.0006807274 0
		}
	}
}
